AllPSUfootball_generated_generated: 100.0	angie_dp3_generated: 85.29024124145508	iiii_liwei_generated: 85.20211577415466	
AllPSUfootball_generated_generated: 100.0	CandyFlossFaery_generated_generated: 49.099878939982624	CandyFlossFaery_simulated_generated: 48.96524992481619	iiii_liwei_generated: 48.667262454845385	kimo6167_generated: 48.640434403432444	
AllPSUfootball_generated_generated: 100.0	CandyFlossFaery_simulated_generated: 24.885057661382625	kimo6167_generated_generated: 24.881988022268175	kimo6167_generated: 24.88163933510663	only1nabil_simulated_generated: 24.880108985897632	CBCcathyalex_generated_generated: 24.876887354943534	SocMediaSlut_generated: 24.87399056929378	InkandAmmo_simulated_generated: 24.860025201439107	meghanmcpeak_generated: 24.858643863837603	
AllPSUfootball_generated_generated: 100.0	dchern_generated_generated: 12.479924597743544	JMessam_simulated_generated: 12.479773350964187	JasonHartselle_generated: 12.478628941835659	techUpdateDaily_generated_generated: 12.477407791730414	iJakeMurdoch_simulated_generated: 12.477225252513948	UBCSauderSchool_simulated_generated: 12.477059104574066	BigdataProfiles_generated_generated: 12.476558425580334	InclusionPress_simulated_generated: 12.476521172679014	michael_cruises_generated: 12.47635502473913	MacBetty_generated_generated: 12.476207503249906	RyersonU_generated_generated: 12.476141938143584	mekii_xo_generated_generated: 12.476111390764503	talkingfrog_simulated_generated: 12.473904528890348	KyliePenticost_simulated_generated: 12.473268994393841	JSAYWAT_simulated_generated: 12.472497859336531	JasonHartselle_generated_generated: 12.472301164017566	
